TEMPO DE FUNCIONAMENTO: 94 milissegundos
873387881
1812505621
62523061
154125871
1312197421
401365403
28958893
1454269321
406993799
17025067
367576901
1081254287
1267642543
1503489899
1427660011
1958998291
1720950793
639755927
1854569533
1111208713
1300789927
1796215373
690256601
45405559
584278397
1808945819
1001988833
575298637
52974563
10244513
983673133
542264941
1240779899
248984947
1313074319
1616588473
565896011
1237623523
593073737
46699073
1701315337
1322553251
456656119
742077701
2028226997
1890734519
1685731391
162655483
681157991
254958551
1869827699
583037647
1869530381
1395832063
2047831727
1415535643
85779571
1781952281
1205591927
982280041
1784321537
1331081797
417269899
452785873
199225937
1705236317
1273303099
497684459
839437657
847473791
1223524639
713064503
1421057273
1922213123
1212166601
156762761
279228583
1960800199
1361068453
1467420797
1856444389
541222147
1735382027
456655159
1764317677
1432313881
186966419
552522023
874233137
459976817
2014245749
666892003
489157369
1190862581
703821143
481126031
1677813437
1314553459
683336477
355794937
1002776017
541803949
1117466351
991703893
123833519
99568013
1553170517
2044464299
828564557
1005491083
107627329
586662211
1967296103
457105823
1029165349
1264694287
195438317
1465949477
1940782517
1258155487
965260393
193618223
1102360657
532846031
236340673
1649117809
931986049
1336320067
8217023
706981831
1873006363
460621957
21320197
676419697
1733912027
545622097
606158009
2038420877
1707127141
1280902783
870067603
304780033
974062087
1689764273
431327903
2053016153
64771093
1459120843
765530291
2109291559
1470744181
44225557
364833467
208852057
945233593
1869509981
1687914341
1141644841
1378507843
394129247
1991427499
1496028497
2134193911
663488269
1265415191
636210833
1156827253
1155535193
1517456783
2025209083
492050483
1891622911
170739353
1695638311
1498946591
1119327707
1776288757
811180561
954400103
2118674407
940184029
254212901
4351493
1626560413
426538153
381407567
272453759
1738659959
982216987
879012553
1802066587
594762761
372266597
279913957
670251811
131419549
1703456927
619680679
1334278307
156537643
1641097109
1105329937
1360687409
2140181839
1727827349
1361436673
125289821
949455803
996161501
392303759
1166701169
496546979
26858287
1640132311
82077629
1185524531
1240136903
627816139
644083873
1966916383
1203344033
1932570533
2082704621
1080058303
1466461223
410532841
365263267
1909907977
511248169
395253049
1575182387
665227307
164270287
101193067
1436230633
437769901
1808306221
1257090061
2053095211
970644443
1761230873
373055951
635530009
1310323447
1736106587
949463729
395080943
1994116829
3023653
938845403
1752604411
909247919
757783267
52795163
1746583673
737699899
430191733
1374310303
631304029
286824583
1483906577
1851582347
1110005389
1979070007
1611101663
1469481271
1815664601
862351507
542040979
36716171
1194793471
2145587651
587497789
1390188091
221575213
2101513573
1852379153
468339931
1359998933
1243906921
623171161
1808052439
179966021
1718247067
1814946083
926784431
2085777077
676043141
974889623
521683411
54157247
1988613661
7348157
323102041
1426627151
1975268143
1938111433
1406039617
504062527
92851571
1519017103
1615313201
52975369
992463541
1726210763
341701739
1669487507
1108401881
1025658983
1345478573
852891661
1233600437
1821728369
1293858131
1134807763
779960677
1154169629
1426835441
1150677509
1573297541
1201843751
26268097
1843094087
958769387
2109251279
675137341
498691561
332411333
1844002859
1065652849
944017201
169379803
833092231
799862677
1395320083
104993281
654966523
512663887
1791981047
1909615313
1293783367
430544407
1269287321
36077933
190106639
1013387113
709045889
1609693223
2049284441
499315937
1542516329
2060099467
1335311911
782426917
1506894029
1906432919
1564617503
1773594367
1509242963
809444177
2146834367
2066929451
958707991
845301341
140592247
1442084921
1921123613
733559819
2061072499
2038662727
1484353601
1906134899
1894853783
1746837577
216546199
862277917
1111375999
288098821
1138474339
586974803
1329043421
2129476961
934632799
224217667
1549817887
1306903063
522287911
1096776173
931607587
822640069
461387141
1926091729
112094621
925940713
1456449221
1934709947
1629508981
380195369
69395063
1183011659
1770051461
409800577
5772617
1668418561
1649938943
1741723897
913656979
1985951089
496074209
250022537
1173687727
1681716763
1040391881
1697406499
805483963
1703064283
558417073
1336559881
624388403
691264219
1355368031
630379037
889486973
389544713
270262183
2104470691
396857977
1228918903
455281447
480599011
1517609887
490161127
2051889899
717824417
2001274757
2027219377
1077158647
409044821
1054888487
1528515997
1687708751
501284071
1721588497
1296753779
1169970973
513957593
1682811047
2137709543
1470536339
849394597
1295440667
1398147227
1813742443
1439324801
1324477267
1969616783
480457699
284715569
1508199509
1750818011
1875562487
830338081
2136688769
356590813
1492427843
760796683
2146422953
1570849901
1298640389
414847637
1615315957
1838365649
1693827701
870529787
1518941759
1185210827
1193286961
940943851
1077431041
21503617
398492363
1411769209
944041057
1823351729
1529670209
1189135963
1607276513
753722531
440622827
1134013093
241542617
1363722749
1816228789
1962606757
1674331487
2089819001
162597931
30079463
1139469503
1670619107
538014023
243560549
1284435539
2057747533
1575447733
1903654751
1336345321
1164500543
617797693
370801429
456660793
1354365319
584368159
13070051
104608741
100868917
836898169
325100257
1118118193
88793651
1832948059
170998661
435921929
290880313
941567953
938968567
731776147
1328889713
1961524681
1503035539
1959737053
1170318379
1980690431
1661634971
921603647
1517283553
1970198537
558719989
2058984623
806295851
890390131
667585417
2041484663
1238802157
1362343987
1005560167
1120859809
14667437
603417757
1628427583
950218301
1655008807
1377873767
1838689597
925176061
703560199
1117633417
370217521
835145609
942412847
1636627877
66838879
116628937
18097753
1631591407
1229658541
991706029
481616831
492074237
860978143
1405469869
760323469
1817787343
2122846721
896676863
1014281539
322068941
1550918081
308290777
1913588029
1505957417
1890569333
1157718239
1989084737
1053066221
1161135637
530123149
1123343933
1260919493
506567329
1001987237
333644039
1293944573
1440272983
1965661813
1673913497
1442338109
1267029139
1925994569
77754029
1397928817
318662689
171303721
1419736261
1972116691
1632484223
357028631
1156127179
998219797
136529891
959481889
25888913
325839197
1654976311
885242383
1356719981
758838467
32419001
920878333
247167413
337418351
14915311
1128432493
1549641209
210408449
1233724171
1272613033
2009442151
932215367
582169993
956289517
1478231771
1907802647
989091707
1479316739
266339657
1316788427
252077767
171832501
157192873
1636712531
1867220189
1555096687
283554907
1666813949
781549543
430029599
1155241859
294644083
281099761
505557527
236699081
625882349
1976969651
25761157
527826769
2033622313
683675093
1771980493
986744501
1978376831
772689859
1396135129
130222049
1337669687
336847109
367283473
1695176633
684119731
1288203457
1261298393
343527407
1906930813
1970221499
159716639
1363150549
515239369
1536919229
410034949
611561543
1857215027
1518077417
376040597
1642578479
2049625967
531618817
2098763153
524509627
2096415913
940859473
98275451
795021613
946814233
525863033
288367543
2129313601
1642731239
62153557
1334389439
1858236521
2292221
676964657
360962731
775407881
1274932903
1899060011
1268686301
1151148721
108292577
1306485407
1017750403
40440419
1648523509
689511223
6322777
118001353
1410065843
1056369761
1342507597
910188281
152613599
759113119
1990382137
327753709
962433247
2023186351
14543603
1431165079
507890809
847586423
2072145701
826114147
352360409
1117980671
655148531
1177172999
1524128537
548726333
1063778941
814895717
1240271821
326696437
1848801419
1371909403
214792421
863950921
1770001361
1162851649
1873057
658160561
1999278587
756598279
884617693
155315929
1975581661
1487581031
2026288151
845334181
1332328931
1086071761
1248962063
924305377
2135756299
1757617229
1767280961
1217355481
746072741
869343031
757665967
669208691
590442071
1801816903
1474951109
1343930479
1345058641
2070664567
1659575681
1451893799
1760890771
1957207949
1307567659
1683836591
2080773559
1979539337
544518361
1406083769
1460244899
1515390827
1970937559
1205162753
543346379
1053386599
739237669
1830170389
1201368083
74822477
713368951
115178017
372358471
1659726149
633064429
660007603
170442953
1329337643
1271470927
1860236867
1357747817
1493613001
845602451
1182935447
236923957
1370417491
146662991
269357591
471474433
1848914233
1519625269
859559431
1562671081
1778916701
1222915391
1050990107
835531111
527720363
4412383
1180698907
125184307
799997533
457742111
570458093
2013527353
1031855327
2108904209
163737389
878240977
441904381
847755743
1366972813
1183257791
1172165503
1505097889
881719403
1415155733
480334787
770074537
1249832279
197070779
279038803
2050698673
745033021
1467751247
1647056869
411063769
618038573
1584278951
478609253
839752889
294530221
787458263
472647113
959857313
17470111
1116136447
1419520261
1714428319
1932612481
1291225357
2049008329
2110924331
1831471619
1179665183
1783107413
1943833501
1689042367
1848841199
1763787871
200511383
2121516571
1287610231
1465069997
319208587
1059548593
771819107
667558169
1416625783
230535859
1683813793
82125139
549297487
264365527
182591179
1056516557
1981843657
598015967
589048723
963589909
858441169
1972662089
110377199
1593984211
1133887973
1813002557
626743739
663595711
1841583011
683711923
1257898183
382340831
913442197
1431557761
1432834027
1231001843
2071893541
1773356183
2027291269
1053628861
171823903
1164299897
64194421
807417659
1710392617
2123996183
1111158157
1084888631
199893007
579986611
1857969353
220784771
1091123441
867568469
219822299
907317121
1895988859
1655314963
1874797909
1710751969
1330068977
1390983101
8649491
1418719031
1806127051
1306026613
524036759
281231693
1910111807
1120294933
2122478537
852514309
290397403
1965807313
128785417
435729937
1130255311
239412337
15738893
1879116157
567628981
2016141703
515218829
2014966817
1341566741
1435874663
1589673329
98315467
530965361
1288303411
126737311
616918067
855997189
1106320597
441230899
1654684627
1244832451
1681496779
298199939
907536587
913791079
1280806073
255863351
320953439
59963957
208843451
904987813
210986927
1995337261
775932341
989678777
449909849
906260657
1085424623
766747301
1446691691
593871953
802930741
454741927
640243193
872739587
1579940113
2038316311
477665417
525608777
236689727
1377668063
1450835413
2078779529
21758593
1420755547
822224759
86550517
1400630921
1605585013
64165001
1962586973
587980271
2011200371
1671988309
708857711
1948303129
921221167
1854862817
814303543
269556697
1884129721
1369206361
1552996829
1929640751
863348567
1048961077
1679391407
1338309677
1578053501
12770837
978173641
1328594669
1836649747
246551471
467464009
772556819
493956289
1487766421
1018811117
610529827
1678515697
1386278599
1148056159
1360921207
596815717
1227879941
1931290901
1317031913
1611941957
106857749
153218609
1277004679
472369789
1857475553
360210239
1538341841
1419676157
590145869
2096634823
78990157
477519649
1070268923
1055244643
1260212477
958124021
1916067661
1616170289
354708581
902674543
1594746253
915824269
1921944971
237320537
1493403739
1329631483
1265989183
1901711099
1328998133
302704277
1453956073
2007157423
994645961
1782070583
1306333631
1977478627
127417897
1739942599
276718067
945433513
1084927133
1369680371
1796777051
59909287
209437387
1392334549
1796482297
1651969537
1221711013
22584557
1877127907
172057201
1047501929
636823541
561082693
1439140973
1818207637
1324800151
2081083523
1223039003
1887524741
1166938249
1434752399
412762699
687891667
1353709073
1140952151
365631619
56702039
412332379
312144263
781314613
771936169
503137207
1194601081
658436921
1739539183
354859033
5958301
1715349703
5408393
1079809069
2075553019
511185509
1465827679
277952383
683207099
477116357
1322693081
2056874453
553500659
1595653559
46077103
163440733
1811447413
1016405693
818045783
1510756981
1783385377
384087989
1620107207
537605099
22833149
1556956381
1565165191
754234739
1728126821
2049692551
1367225611
1647777557
692019899
1964749051
25429819
567964699
1422134783
912520093
1047582181
1020824159
805827151
1943100967
1267057829
1694939833
867451019
1787009347
1483848089
106364371
147327329
1636463267
1174789793
1663375187
605485613
693507977
199934843
1297791191
1604987749
1036272617
819588787
1327783361
1050948293
1485757337
346663511
119232013
2106299119
1274321053
1237125193
1536196843
580561913
801760331
467945017
536665771
369086351
1827459493
1074172481
1310043751
1558100189
1973353709
1389621671
1333620391
245814263
721470353
717335249
1916513953
1359443089
766138517
61023553
1250921671
512697839
1104317723
39373969
1761983731
2032786111
37571509
564659033
1146519601
931342667
1574578223
550181773
1332345241
1103352869
1691177687
147940453
1459531547
1940069317
938222053
2131135231
1880365651
846417697
166416781
1451175161
360007709
419605037
867256177
29337281
1747675091
214617943
1723523471
1933791593
1998922061
488024531
52879969
505862459
2141795569
1314666191
1068777887
861517219
23991259
907645769
206819099
1405420871
764410403
1944501241
1232604773
206037281
454745299
653803937
1621203313
1278000949
243135481
194264377
210012823
438628087
1005811087
756022081
1490087903
1255858061
686030221
174856219
1030821149
868035683
429893689
951192629
224141677
720016519
1998760297
1130843963
22667317
1617111919
831094387
124516267
112689671
897603661
2111592029
1285672727
1696953169
1645885499
755300999
265838317
388567297
1401943451
1819515949
157686439
43950919
805719007
584380919
1759637533
1273954441
1388747957
1832880701
1418934809
797758219
536863253
1418888477
1067472547
27251771
1011192593
1177464569
24696229
207667613
990187507
27293141
1121803079
1522917023
1512943919
863263001
816998951
1550567147
1816654709
2012755163
123290147
855086509
627887291
774434533
1726254217
1210228021
386882737
1240407359
2123293247
1954333471
64346371
1648871321
1502905993
2084410663
1298208721
463307231
1665765889
896135971
945357797
1821319187
1781458417
163009081
1933838377
1020795973
693316499
1149520103
1512320309
1247436383
2063483393
1126560511
205020973
2079806411
1108284257
164961877
2109504017
1220742643
1406749163
85129067
575597797
696323317
1153514741
2132000327
1627450763
1522799489
1021227461
1906490147
27907631
1764775163
670424269
8775419
574051741
613208153
690706351
44782079
626057119
1474906001
823808369
255937249
1714737091
1513510529
1526499109
1697097791
145697753
492255641
798987647
1114244111
964719817
1440265093
1507374229
1332091903
1795834177
1408022359
715847507
971508529
1625561521
1083716099
497669213
251726777
1323218107
1292993249
298762463
260651299
943541623
471736907
104048327
2034398371
678512873
719099993
1184913127
216233027
1407406123
1332018377
173774431
965729953
259603573
18074531
604416389
1348390531
1522900567
1039966523
954622321
843579749
469464491
754105679
488293153
1324980259
1298362361
1840563227
1397208041
791907913
863450747
2044523527
1814113927
291313591
2049194419
1773307969
1434082547
767670419
1942433621
1950207997
1981332433
1081934603
254930807
1447554373
1210927259
2040530321
255918739
4653757
1814673227
1576855283
956477083
1768249031
684948851
14237411
808942151
1219423133
1365856091
171012823
1428229931
1166840231
1425558731
667250333
973684037
422628391
26762833
319363361
116097343
575865751
721823777
223196443
2033060389
1662969719
1468336267
1494973043
962537881
499611271
640104083
304252297
567772313
421678273
1566183119
1578470557
68632957
1796371873
774532817
347338561
128618569
907342907
864274561
921088417
195634519
552045707
998273027
869368837
2049490559
1525208369
2056615723
156010279
600684389
3986747
1193834549
579833599
1570487833
822776533
168028033
1096091327
974772521
120173621
1733478127
620963669
1409350141
356477833
1178406637
63873779
558229781
1308617119
568233079
445334639
659024699
1815261631
125725021
92284111
1782974653
1380309481
1246398929
2019421471
880144351
1298303351
1457315479
413283109
609700471
1460887837
1000988591
411718651
1493630381
1351786021
1886907433
50565901
1992233741
1212450541
693583991
160426769
948538141
1928600591
252644297
809841167
1088386421
697842433
550430567
1374007237
1783607557
2058341473
372583051
1830296773
553553219
1400076329
1087967501
676211
1358036083
1004966437
152494637
671767709
1810757147
1972235803
337068871
548991043
1346742377
96012779
1450960711
48506779
922371319
211339963
141863629
238095763
1008668159
458872031
989432231
1438943543
1007109827
874461851
1138142539
146763179
1304242001
81142357
865273111
1243829897
1471419437
75574253
920862563
1829668097
1755649361
1780099273
2075535299
1162977043
590932763
1238866513
1730810791
1538821859
381057371
628355879
2071731971
1056782171
332258347
498278237
12669493
1968817387
463698049
1442775379
1136562527
1271005049
1409024429
1555218703
1540342241
2094484393
902127133
1701166613
1298776399
81109867
343686373
542223497
1902034639
462973943
1590961061
1669636721
1570922369
440578357
1609980679
1692527587
1009624159
160461599
1585236973
1615474199
955427959
2121441613
816286901
2068930531
231282529
2026387163
898307141
1670205473
492496657
2058907157
513059993
2127087533
731303663
809098559
2000047307
1571773543
1511663533
1213128821
1438600117
1893574043
294520381
52164199
1338939187
83282413
923981021
624533941
33208411
1074595127
469505383
947065961
978603401
807132517
1147076731
474698473
418712513
612350821
665242093
42863129
557297849
1829936057
2044872259
1265198873
869545351
486872077
1458958619
2099101583
2013497777
1354068013
218989889
1065811771
1099729573
1818119843
1135951009
1736677289
1643460563
1806234569
1592114327
1471865203
487684969
940034717
291207557
1231247981
732570989
898281283
1406839661
223994983
1376560903
616068191
474122111
74050517
1660464073
640375171
1250584459
699662053
877529129
152802019
1691758097
1231955929
1357950641
110761943
116869153
2022684749
720797087
1627604717
1353160643
1751776583
942417319
1426235731
516349247
1420031087
1511159789
1037233
222303089
1073849549
325811371
1387040191
769751933
5736737
606546583
1106614211
706014623
1829533721
534640553
1351950071
268217557
119744629
2146241459
376235957
1890721907
373063787
2147362397
97621757
1481989777
855840763
497906509
1184857523
1396334839
1839364741
1499053753
331251913
1420181669
1296614519
1964673091
303250763
2088703031
456745141
584744383
296615453
1024341589
1596906277
1196070257
1189591127
63146641
1877751979
944600989
1561347313
1633661893
46216349
447731201
873311399
625308007
1293638179
1859023847
287443081
420257393
1811704619
297847709
311482607
1007114617
1972790747
645597437
1388100017
1894631449
1487163889
115753367
1914100231
1992805109
585630917
1215970433
1690746131
111256883
701005901
821490499
237554699
39345151
1546153673
347851571
115762681
577446589
1467937673
763158283
1345685857
1202851043
1040312347
43738129
941619929
1600068637
2042598143
1694697269
337910723
261120131
1808608147
400102739
2025001991
170237783
313546291
1000045379
294046691
566563513
1366447651
526273679
987879251
1430705447
1235039557
1196671337
605796469
780033601
1849693999
779742959
962594177
953928719
1545664609
1988065819
1715760569
1597199647
814332131
662505301
463152869
1670466727
39938033
315993709
1913768809
703519321
1981550887
1227931531
1728501829
1654089739
1896696523
1613255753
150519329
2141870971
1653074669
1548655859
917127437
731376689
465030119
205367611
324966197
341041891
826722719
1526300849
116525051
491386453
544840601
295433647
1409987387
848145359
2047249283
1069231391
575501879
1109840101
1857908551
1455928189
517552339
250623557
1228635607
1180728551
560115601
1566661039
224752999
2043529193
1858928909
110432473
606864829
1362891713
1813111711
1891405889
2027327933
426326819
83266273
800196643
1094659691
1288786547
1668188989
99127993
992631209
869713129
2139507949
688478177
32925407
1512196577
1740878677
413040851
2029394677
1154394757
1915481839
111095209
1737280417
347838593
1455201509
1496801651
315822809
1616859133
1981473511
247984351
1990169189
1557589109
846048083
1406201959
897451481
1710472193
876951221
1727653519
374768321
438355667
426219883
1264583923
139493593
1072021891
96381463
1988641531
1514775359
170138989
468041153
637166711
328433179
993254137
362860051
797262437
1384139191
665243959
2043314447
662058889
684144767
1158824743
1907047991
192357677
1595950399
842684629
674012699
1356306503
1346096617
1293587653
2112108899
188891113
2037220697
1376848901
508978081
643186829
2146306843
1813225181
957245411
868579123
89944781
1169140487
1232787797
1250360941
202686931
990090853
1943112911
2139052171
1515930113
424762759
1336553111
1487817467
1007224633
669155777
1207360849
1627624619
808637233
525457627
557525789
658937987
300019631
596649847
1241023757
1584990593
526439171
984877007
181345403
927778843
362692853
1393970623
896918969
9043121
730611449
871676483
155758991
1065201847
559979633
289414043
531773167
349999847
2047223771
1831306019
1798293073
1175132207
1532469847
865644259
1296954479
1474807339
1297668629
347247871
1317787441
168887759
1908856123
1815206863
1869721603
550660823
1254082013
1680771167
414355231
1884517823
1206431321
791059799
346979813
113672063
717072443
1777382197
1964582701
921376073
27677807
496283189
1607624509
2067243203
428342749
1286323417
1024266161
2132008079
1524960599
1769883509
318181973
1128598411
696940813
423579797
1058958031
860632811
144414103
498484559
1868820623
82334453
1354018537
671813357
837210937
736995037
1284203623
2133766049
1921003727
1026014201
159811097
1283350423
1094974861
370752259
747646807
855293053
638987773
1296703741
1088721149
14372261
1538469809
46408031
831066317
1319260867
636357103
536499163
196359431
715995947
158504911
151273379
249364447
713341547
67319449
1614607349
1905279793
1729454369
1500930971
1312803647
821885437
1809185029
1681729667
220647377
1352650307
960095951
503099881
396071783
1317883363
2097741119
1120150907
1776959603
400438037
380235179
1153979033
1323355981
628932823
487303639
1473757121
13425017
2024448851
47220293
820140103
305431909
1380368911
109728701
1601806937
1404495997
928468067
649437671
2104013477
1643219951
1999088471
1943164781
1155113957
1697648083
211842217
1678170947
1149297727
464516033
1139817661
2014493737
644497351
94081679
87350047
676358251
557827937
843943141
501071567
1036457701
1871294959
2133716161
1329370697
97455179
1859745049
1369228687
1512721121
363848311
1886021513
1020504601
1951578659
1259956487
452055977
2021946673
219992821
465769511
1462691327
955916399
2108420491
1698887167
1827974947
1691731403
1240345903
1442742461
1581791039
537556639
1066118021
1917734729
801198991
434282951
468347119
1509219893
1031040917
211874191
1294708711
1514001961
1262941037
1923812249
1203349463
595254073
110629823
1972051583
670383361
873568879
1648562353
617586017
1428608327
429914461
823237861
248638477
591041851
10365539
1089978707
1278359791
1733360533
144363977
622712413
174205429
1855034501
1541674327
1135544537
1289346059
537797279
1411778999
2137641923
792256733
332798537
1694799937
62514553
1578703783
1446305723
313600597
657154933
1878887083
2114900947
1589762561
1388442281
448243057
925203757
1052666821
248615737
114167737
248676359
2097457157
1102610203
1977212521
203743381
2051101147
913188349
1473539807
1136039057
661994521
1482836881
505589813
1636856159
6516971
923379179
1546499417
1111102679
127857887
1562610227
1417976869
1517778341
742762331
1804938599
1787807849
1452748981
1454605073
640964371
1990819603
773157521
1120295513
969564787
1583513611
2092622659
469806283
1930680149
1547833897
144449873
200903497
1377661679
1056757531
939294607
954773993
1323423901
2123101727
1406988577
1937256389
1462247539
40337641
69420641
762791011
29431949
865810301
1898769947
652028753
775867991
166346911
1642112341
2015124887
16580087
918415037
846224479
1393393787
1228466891
912148427
1790903057
1480622137
1112572897
446300873
1532387743
881636641
1380765539
1584819217
1907673247
203107327
849948097
66340387
1531642487
381183119
1694252281
265007461
851155177
198842003
668652091
89405413
1879019657
139017283
703865303
719789221
1468068319
485916091
714152773
171562331
589274603
2068157057
554605537
2032686989
1531634087
164103349
1557571513
223068707
1517984087
800884811
1657761181
4399723
97090027
1409671139
411897917
1807669811
1160378477
1845577039
967937479
950217617
37767097
306784109
1065779023
1762668707
707610671
389593909
614329813
404513647
347015587
1799994961
999358229
1491500651
1013171101
1172930923
940603241
715565419
695587661
1688717227
1085925403
1095621193
889083673
106063151
1128518917
1031156387
782960249
83570659
980665207
1065383519
1860035339
663633211
700973437
1022242951
26059867
1773750911
1972945333
378691
1970977937
379428319
1112801071
463569251
247097597
1923116339
1566201419
709432211
1269110501
2030199863
19249847
914917643
991313321
1695036019
409614229
157732997
1480327603
750387037
395164067
1723191391
1774661419
365450447
1171710773
1095127949
1204794077
1320876001
188573257
94695983
928583303
466008239
1100933417
89799067
341930363
1463745497
702106921
1379458499
1417727603
1370561567
639000763
352109689
1881409259
1941641963
196303951
2036356859
1521155651
1692050597
493784359
530688161
1184263039
240222211
1028811713
971817421
1776106051
2128127363
1355519873
1186106627
633188557
1712064413
914394409
1725081019
1805113801
309452383
1470280969
1237935331
1184818091
1213115693
2114319661
