TEMPO DE FUNCIONAMENTO: 82 milissegundos
1812505621
62523061
1005811087
1418934809
154125871
1067472547
207667613
1454269321
367576901
1998760297
22667317
1313074319
1267642543
124516267
565896011
831094387
1958998291
2032786111
1696953169
37571509
1869530381
639755927
2111592029
1332345241
1781952281
157686439
1796215373
417269899
1819515949
43950919
938222053
497684459
1759637533
797758219
1451175161
1001988833
1922213123
1388747957
279228583
1177464569
1240779899
536863253
1933791593
1361068453
24696229
1512943919
1616588473
2141795569
1121803079
816998951
593073737
1764317677
123290147
46699073
1944501241
456656119
774434533
186966419
2012755163
386882737
459976817
653803937
627887291
1685731391
210012823
666892003
681157991
2084410663
2123293247
64346371
583037647
686030221
1677813437
896135971
429893689
355794937
1126560511
1415535643
205020973
720016519
1205591927
991703893
1220742643
1821319187
2044464299
696323317
1020795973
1705236317
1967296103
1906490147
265838317
713064503
1512320309
574051741
1465949477
1960800199
2079806411
1714737091
1273954441
1102360657
1467420797
236340673
1406749163
798987647
85129067
1011192593
1735382027
964719817
1627450763
1522917023
676419697
670424269
1408022359
8775419
2014245749
863263001
626057119
1707127141
703821143
1625561521
855086509
251726777
1240407359
481126031
823808369
2053016153
2034398371
1502905993
765530291
1002776017
719099993
1513510529
463307231
123833519
145697753
945233593
965729953
945357797
1029165349
604416389
1141644841
163009081
394129247
843579749
1940782517
193618223
754105679
663488269
532846031
1795834177
1840563227
492050483
1323218107
1733912027
2109504017
1119327707
1814113927
471736907
606158009
940184029
1153514741
1942433621
1021227461
1689764273
1332018377
1738659959
27907631
1447554373
64771093
613208153
1348390531
1768249031
1703456927
1474906001
1219423133
1687914341
171012823
1526499109
2140181839
125289821
492255641
1298362361
1496028497
1578470557
392303759
1507374229
1156827253
128618569
2044523527
1185524531
291313591
998273027
2025209083
971508529
1203344033
497669213
1981332433
869368837
298762463
1776288757
1210927259
1193834549
1909907977
164270287
1626560413
168028033
956477083
1184913127
120173621
558229781
1802066587
1257090061
18074531
659024699
670251811
92284111
635530009
1166840231
954622321
395080943
1641097109
1246398929
422628391
469464491
488293153
575865751
1361436673
413283109
1746583673
631304029
1397208041
1166701169
1468336267
1886907433
1979070007
640104083
550430567
1966916383
1434082547
862351507
36716171
1566183119
1400076329
1081934603
1466461223
254930807
2101513573
255918739
4653757
1575182387
1359998933
337068871
96012779
808942151
211339963
1808306221
458872031
1425558731
2085777077
874461851
2033060389
323102041
920862563
1494973043
1406039617
92851571
499611271
1796371873
567772313
992463541
341701739
590932763
864274561
381057371
1025658983
552045707
774532817
1968817387
195634519
1426835441
156010279
1271005049
2049490559
1201843751
1570487833
1701166613
600684389
498691561
3986747
81109867
822776533
373055951
944017201
1590961061
654966523
440578357
1994116829
3023653
709045889
1733478127
356477833
757783267
52795163
63873779
1615474199
1335311911
1178406637
430191733
816286901
286824583
1815261631
1308617119
231282529
1564617503
125725021
492496657
809444177
1380309481
1469481271
2019421471
880144351
542040979
731303663
1442084921
587497789
609700471
1460887837
221575213
1893574043
2038662727
411718651
1351786021
1074595127
862277917
1212450541
693583991
160426769
1147076731
1329043421
179966021
252644297
1088386421
697842433
974889623
1829936057
1096776173
1783607557
486872077
461387141
1426627151
1830296773
112094621
553553219
1004966437
69395063
152494637
1810757147
52975369
548991043
1346742377
1736677289
48506779
913656979
250022537
1008668159
989432231
487684969
1233600437
1040391881
1138142539
146763179
81142357
1406839661
1134807763
1336559881
223994983
1471419437
640375171
1829668097
1843094087
2104470691
1755649361
675137341
1231955929
2075535299
332411333
1517609887
1162977043
1627604717
833092231
1538821859
717824417
104993281
409044821
2071731971
942417319
332258347
1293783367
1296753779
1442775379
1136562527
2060099467
222303089
1682811047
1409024429
325811371
2094484393
902127133
1773594367
1398147227
1106614211
542223497
480457699
958707991
1902034639
2146241459
1669636721
1921123613
2136688769
1609980679
760796683
1481989777
1484353601
1585236973
955427959
1396334839
414847637
1138474339
870529787
1420181669
1670205473
934632799
1077431041
2058907157
513059993
522287911
2088703031
809098559
1571773543
1934709947
1596906277
1213128821
1607276513
380195369
1338939187
409800577
624533941
5772617
1363722749
944600989
947065961
978603401
447731201
612350821
490161127
2089819001
30079463
665242093
1293638179
538014023
287443081
2044872259
1265198873
1528515997
1575447733
311482607
2099101583
1458958619
645597437
1169970973
218989889
1354365319
836898169
1470536339
1099729573
1487163889
115753367
1818119843
325100257
1806234569
1969616783
585630917
1592114327
941567953
284715569
701005901
1231247981
898281283
830338081
237554699
1959737053
616068191
347851571
1570849901
1660464073
115762681
74050517
763158283
1517283553
877529129
699662053
152802019
1518941759
1040312347
43738129
2041484663
2022684749
1411769209
1694697269
1628427583
1353160643
1189135963
1426235731
516349247
1377873767
241542617
1366447651
1511159789
1073849549
1196671337
606546583
835145609
769751933
1545664609
1351950071
1631591407
1829533721
662505301
268217557
1890721907
1405469869
1674331487
855840763
1981550887
162597931
1839364741
1613255753
1284435539
917127437
1964673091
1164500543
456745141
826722719
296615453
491386453
1550918081
1196070257
848145359
63146641
584368159
13070051
1109840101
1633661893
1228635607
1832948059
560115601
606864829
1961524681
1972790747
1260919493
800196643
1661634971
261120131
1965661813
170237783
1970198537
2139507949
294046691
1397928817
890390131
1430705447
1005560167
14667437
1419736261
1915481839
347838593
779742959
1655008807
953928719
1654976311
1990169189
991706029
814332131
2147362397
897451481
860978143
497906509
1913768809
426219883
760323469
1272613033
582169993
1654089739
1014281539
1988641531
170138989
308290777
1479316739
1548655859
665243959
252077767
205367611
157192873
1499053753
341041891
1158824743
331251913
1989084737
1555096687
842684629
1409987387
530123149
1155241859
1024341589
1293587653
1069231391
1001987237
505557527
236699081
1189591127
25761157
1673913497
683675093
2146306843
1561347313
46216349
171303721
772689859
1858928909
130222049
1859023847
1169140487
1891405889
420257393
1288203457
136529891
297847709
1288786547
2139052171
99127993
885242383
1970221499
424762759
669155777
1388100017
247167413
1857215027
525457627
1740878677
1233724171
300019631
1914100231
984877007
940859473
362692853
1690746131
989091707
1737280417
315822809
821490499
39345151
2129313601
531773167
1867220189
577446589
247984351
283554907
1798293073
1268686301
781549543
1345685857
1710472193
438355667
1474807339
1648523509
1976969651
118001353
1600068637
1072021891
96381463
1815206863
1771980493
468041153
1990382137
2025001991
1396135129
1884517823
566563513
2043314447
2072145701
352360409
684144767
1695176633
1235039557
113672063
192357677
1063778941
962594177
1261298393
27677807
1346096617
1240271821
428342749
1363150549
1597199647
1376848901
611561543
1769883509
39938033
1058958031
1642578479
1999278587
1227931531
531618817
1354018537
1250360941
795021613
2026288151
2141870971
736995037
990090853
465030119
1642731239
2135756299
62153557
324966197
1283350423
360962731
746072741
1487817467
544840601
1296703741
295433647
557525789
1899060011
1343930479
831066317
108292577
1584990593
1857908551
715995947
1659575681
689511223
6322777
250623557
910188281
1614607349
1307567659
871676483
1566661039
110432473
2023186351
1809185029
14543603
1515390827
349999847
960095951
826114147
2027327933
1830170389
74822477
1532469847
1177172999
1120150907
1668188989
633064429
1317787441
170442953
1323355981
13425017
326696437
1493613001
1869721603
1154394757
1404495997
1770001361
111095209
791059799
658160561
1778916701
155315929
1999088471
835531111
1964582701
1981473511
845334181
496283189
457742111
1139817661
846048083
878240977
557827937
2132008079
1727653519
1757617229
1505097889
1871294959
423579797
139493593
770074537
1816654709
498484559
279038803
82334453
1512721121
1647056869
1210228021
2133766049
757665967
839752889
1259956487
993254137
159811097
590442071
370752259
959857313
17470111
1648871321
1345058641
1088721149
2108420491
1291225357
1665765889
1240345903
362860051
1957207949
196359431
1179665183
537556639
662058889
713341547
67319449
1406083769
1848841199
1031040917
1595950399
543346379
1500930971
1262941037
739237669
2112108899
1352650307
372358471
1465069997
1648562353
1329337643
1317883363
643186829
400438037
591041851
1981843657
10365539
845602451
858441169
622712413
471474433
2024448851
47220293
1133887973
305431909
1289346059
1232787797
859559431
663595711
1694799937
2104013477
382340831
1222915391
4412383
1515930113
1155113957
1231001843
2114900947
1007224633
2013527353
1781458417
925203757
2014493737
808637233
693316499
94081679
1366972813
1241023757
843943141
1102610203
1710392617
881719403
2063483393
203743381
927778843
1329370697
661994521
1108284257
1857969353
730611449
575597797
923379179
363848311
559979633
411063769
1895988859
478609253
1522799489
2021946673
2047223771
1517778341
1330068977
472647113
219992821
8649491
742762331
690706351
1296954479
255937249
1932612481
1698887167
347247871
1910111807
1454605073
168887759
1697097791
1254082013
1783107413
1130255311
1917734729
414355231
468347119
1332091903
1377661679
211874191
2014966817
762791011
1777382197
2121516571
616918067
1292993249
1972051583
2015124887
260651299
2067243203
617586017
104048327
1683813793
846224479
248638477
1524960599
598015967
913791079
216233027
912148427
173774431
320953439
59963957
1855034501
259603573
210986927
860632811
1112572897
1813002557
144414103
1039966523
683711923
802930741
1432834027
1921003727
1579940113
1773356183
747646807
863450747
1377668063
1164299897
64194421
1538469809
1773307969
1400630921
1084888631
1411778999
767670419
1319260867
587980271
158504911
219822299
1446305723
1948303129
2040530321
1874797909
1312803647
1576855283
1552996829
1589762561
1806127051
1428229931
248615737
1578053501
396071783
248676359
1120294933
973684037
246551471
26762833
290397403
1153979033
721823777
435729937
1487766421
487303639
223196443
239412337
1136039057
15738893
68632957
1148056159
1546499417
1380368911
1341566741
596815717
109728701
907342907
530965361
649437671
126737311
1277004679
1525208369
1804938599
1697648083
1419676157
1654684627
974772521
477519649
1149297727
1990819603
298199939
1409350141
958124021
969564787
904987813
445334639
501071567
1921944971
1547833897
906260657
1369228687
593871953
1457315479
1020504601
2007157423
1323423901
1462247539
1462691327
1493630381
1739942599
40337641
873387881
50565901
1369680371
1827974947
948538141
652028753
209437387
1584819217
1312197421
203107327
809841167
66340387
1581791039
406993799
17025067
918415037
1877127907
434282951
265007461
198842003
2058341473
1503489899
1790903057
139017283
1818207637
1294708711
719789221
1720950793
1532387743
1087967501
1434752399
676211
714152773
412762699
1111208713
872739587
1907673247
365631619
1972235803
1531634087
381183119
690256601
771936169
922371319
1657761181
89405413
2078779529
21758593
1715349703
1808945819
1438943543
1409671139
511185509
1468068319
575298637
52974563
10244513
1304242001
542264941
1962586973
1762668707
1243829897
248984947
2032686989
1854862817
1016405693
1491500651
1237623523
1517984087
537605099
1884129721
1688717227
1322553251
1238866513
889083673
1048961077
411897917
1728126821
628355879
1890734519
692019899
1128518917
967937479
498278237
12669493
1836649747
1331081797
306784109
1020824159
463698049
980665207
199225937
389593909
493956289
347015587
663633211
1223524639
1555218703
1787009347
828564557
1013171101
1773750911
107627329
1298776399
379428319
715565419
457105823
1663375187
1570922369
1566201419
1085925403
931986049
1036272617
106063151
1009624159
709432211
706981831
160461599
19249847
1031156387
1050948293
460621957
83570659
21320197
991313321
1237125193
2068930531
1860035339
467945017
870067603
1480327603
898307141
1022242951
26059867
1723191391
2000047307
1389621671
1459120843
1970977937
1095127949
1438600117
188573257
923981021
1923116339
1916513953
1869509981
1100933417
807132517
1386278599
1104317723
39373969
1463745497
418712513
2134193911
2030199863
42863129
1611941957
1146519601
1379458499
1155535193
153218609
1695036019
1370561567
157732997
1691177687
360210239
2013497777
352109689
395164067
1695638311
1070268923
1880365651
1941641963
2118674407
1616170289
1171710773
1643460563
381407567
1747675091
915824269
214617943
940034717
1320876001
879012553
732570989
928583303
401365403
861517219
131419549
28958893
474122111
23991259
341930363
1047501929
1081254287
1232604773
1105329937
1691758097
1324800151
110761943
1278000949
996161501
1166938249
1427660011
1202851043
742077701
1140952151
941619929
756022081
1640132311
1854569533
312144263
162655483
1030821149
503137207
1808608147
1300789927
45405559
1932570533
254958551
1000045379
584278397
2075553019
1130843963
526273679
1395832063
477116357
511248169
897603661
1849693999
1436230633
1784321537
1811447413
1645885499
983673133
970644443
1715760569
1273303099
1565165191
1401943451
463152869
1310323447
847473791
584380919
315993709
1647777557
1212166601
912520093
156762761
1701315337
909247919
1728501829
1901711099
1267057829
737699899
2028226997
541222147
1653074669
1782070583
1851582347
147327329
1432313881
276718067
1526300849
116525051
1297791191
1815664601
874233137
1869827699
1084927133
1327783361
1390188091
1796482297
346663511
2047831727
489157369
85779571
119232013
468339931
1455928189
801760331
982280041
1439140973
1808052439
452785873
683336477
1074172481
2043529193
1887524741
839437657
926784431
1117466351
1333620391
687891667
1362891713
1421057273
56702039
1988613661
7348157
426326819
1359443089
1553170517
83266273
512697839
1739539183
1519017103
869713129
1079809069
1856444389
931342667
1264694287
1669487507
683207099
1512196577
456655159
965260393
413040851
852891661
1940069317
552522023
2056874453
1336320067
846417697
8217023
163440733
779960677
1455201509
1190862581
867256177
29337281
1783385377
488024531
1616859133
384087989
2109251279
1314553459
2038420877
754234739
1314666191
541803949
1406201959
1065652849
974062087
169379803
99568013
1405420871
1964749051
876951221
25429819
1791981047
2109291559
1005491083
1264583923
1621203313
1047582181
364833467
430544407
194264377
586662211
1514775359
1694939833
1378507843
1609693223
328433179
1255858061
174856219
195438317
499315937
1483848089
1384139191
106364371
782426917
951192629
1258155487
636210833
605485613
1509242963
1617111919
112689671
1649117809
1891622911
674012699
819588787
170739353
1285672727
1873006363
1274321053
755300999
2037220697
2061072499
545622097
954400103
388567297
426538153
1827459493
1280902783
272453759
1813225181
805719007
304780033
1746837577
594762761
1310043751
868579123
288098821
431327903
89944781
279913957
1832880701
245814263
619680679
1470744181
156537643
44225557
1418888477
27251771
1306903063
208852057
1943112911
1250921671
822640069
990187507
27293141
1727827349
925940713
1991427499
1550567147
496546979
1627624619
1574578223
26858287
82077629
1265415191
1770051461
596649847
1103352869
1726254217
627816139
147940453
526439171
1517456783
1741723897
1954333471
1393970623
2082704621
9043121
1697406499
155758991
1498946591
410532841
1298208721
360007709
289414043
558417073
395253049
811180561
101193067
254212901
624388403
4351493
1933838377
1998922061
437769901
1831306019
389544713
982216987
396857977
1149520103
1761230873
372266597
455281447
1068777887
949463729
1247436383
1334278307
2001274757
764410403
1752604411
164961877
1054888487
501284071
438628087
1483906577
2132000327
2137709543
1490087903
1611101663
1764775163
868035683
44782079
1813742443
224141677
2145587651
1508199509
1114244111
1852379153
1492427843
865644259
1440265093
1360687409
623171161
1838365649
1908856123
949455803
715847507
1203349463
1814946083
1193286961
550660823
21503617
1083716099
873568879
1240136903
1529670209
429914461
943541623
644083873
1975268143
717072443
678512873
1278359791
1134013093
504062527
144363977
1080058303
174205429
921376073
1407406123
365263267
1139469503
1726210763
665227307
2137641923
1286323417
1522900567
243560549
332798537
1345478573
318181973
62514553
313600597
2053095211
696940813
1903654751
1293858131
1388442281
1736106587
1324980259
671813357
1150677509
791907913
938845403
2097457157
958769387
88793651
2049194419
1284203623
435921929
913188349
1094974861
1328889713
1950207997
1636856159
1395320083
1374310303
638987773
1170318379
1562610227
512663887
1814673227
1110005389
921603647
684948851
14237411
1269287321
558719989
636357103
1194793471
190106639
249364447
1365856091
667585417
640964371
2049284441
1120859809
667250333
1729454369
1583513611
1117633417
319363361
1243906921
1506894029
116097343
469806283
1681729667
1053066221
1718247067
503099881
1056757531
1662969719
506567329
2066929451
676043141
333644039
954773993
962537881
521683411
1776959603
140592247
54157247
304252297
628932823
1925994569
1937256389
421678273
1938111433
347338561
1906134899
865810301
1972116691
921088417
775867991
1615313201
1601806937
1111375999
959481889
1108401881
25888913
1643219951
2056615723
2129476961
758838467
579833599
224217667
1821728369
1678170947
1549641209
1096091327
644497351
1154169629
87350047
931607587
620963669
1380765539
1478231771
1573297541
1036457701
26268097
568233079
1456449221
849948097
159716639
1859745049
1183011659
1844002859
1782974653
668652091
1518077417
799862677
376040597
1298303351
1951578659
1649938943
452055977
496074209
1909615313
1000988591
2068157057
2096415913
465769511
36077933
1681716763
946814233
1992233741
1557571513
1013387113
805483963
1334389439
2292221
800884811
1442742461
1928600591
1542516329
1355368031
801198991
1306485407
1807669811
1374007237
889486973
1906432919
372583051
1514001961
37767097
1056369761
595254073
1358036083
2146834367
614329813
110629823
845301341
2051889899
671767709
999358229
1431165079
1428608327
733559819
1077158647
1450960711
1117980671
141863629
1733360533
1894853783
238095763
1721588497
216546199
513957593
1007109827
1541674327
586974803
1848801419
537797279
849394597
214792421
865273111
75574253
1549817887
1578703783
1439324801
657154933
756598279
1926091729
1750818011
1780099273
356590813
1052666821
1487581031
1629508981
114167737
1730810791
1248962063
1298640389
1668418561
1056782171
2051101147
1217355481
1693827701
1985951089
1482836881
669208691
940943851
1173687727
1111102679
1540342241
398492363
127857887
1451893799
1703064283
343686373
1823351729
1683836591
691264219
462973943
1787807849
440622827
544518361
630379037
773157521
1692527587
1816228789
1205162753
270262183
1201368083
2092622659
2121441613
1228918903
115178017
144449873
480599011
2057747533
2026387163
1860236867
939294607
617797693
2027219377
1182935447
370801429
2127087533
269357591
2123101727
104608741
1511663533
1562671081
294520381
1687708751
52164199
170998661
1898769947
83282413
33208411
1180698907
166346911
938968567
469505383
125184307
474698473
1503035539
1031855327
557297849
163737389
1295440667
1228466891
869545351
1183257791
1324477267
1480622137
806295851
1249832279
1354068013
881636641
1362343987
745033021
1065811771
1875562487
618038573
950218301
1135951009
294530221
925176061
1694252281
2146422953
703560199
851155177
1471865203
1714428319
291207557
589274603
1615315957
1636627877
2110924331
1376560903
1185210827
1229658541
1250584459
492074237
1689042367
944041057
1357950641
753722531
1817787343
116869153
1845577039
896676863
720797087
1962606757
1065779023
771819107
1913588029
1751776583
1670619107
1799994961
1056516557
940603241
963589909
1420031087
1890569333
1037233
695587661
1336345321
1161135637
1593984211
1387040191
5736737
456660793
1095621193
626743739
706014623
1440272983
100868917
534640553
782960249
913442197
119744629
1118118193
1267029139
77754029
376235957
1065383519
290880313
318662689
373063787
97621757
731776147
700973437
357028631
1053628861
1184857523
807417659
1980690431
1156127179
1972945333
378691
579986611
1112801071
1356719981
32419001
2058984623
220784771
1296614519
463569251
303250763
247097597
1128432493
210408449
1238802157
1655314963
584744383
1269110501
603417757
932215367
1390983101
914917643
1877751979
1838689597
1907802647
409614229
266339657
2122478537
873311399
370217521
750387037
625308007
1636712531
942412847
66838879
1774661419
116628937
1811704619
18097753
365450447
567628981
481616831
1007114617
281099761
1204794077
1589673329
94695983
625882349
1894631449
466008239
855997189
527826769
2122846721
89799067
1978376831
322068941
1992805109
1681496779
702106921
1505957417
1215970433
336847109
1280806073
111256883
208843451
684119731
1157718239
1417727603
989678777
1546153673
639000763
1123343933
1906930813
515239369
1467937673
1881409259
1293944573
1446691691
410034949
196303951
1442338109
2038316311
2049625967
2036356859
2042598143
524509627
1450835413
337910723
98275451
1632484223
1521155651
400102739
525863033
1605585013
998219797
64165001
288367543
313546291
325839197
1692050597
676964657
987879251
493784359
920878333
921221167
1274932903
337418351
605796469
14915311
1017750403
780033601
1369206361
530688161
2009442151
863348567
1410065843
1184263039
1988065819
956289517
240222211
759113119
1328594669
1670466727
1316788427
327753709
1028811713
772556819
171832501
507890809
703519321
971817421
1678515697
1666813949
1776106051
1896696523
1524128537
430029599
1227879941
150519329
294644083
814895717
2128127363
731376689
1857475553
2033622313
1355519873
590145869
1162851649
1873057
78990157
2047249283
986744501
884617693
575501879
1916067661
1337669687
1186106627
517552339
354708581
367283473
633188557
1086071761
1180728551
1493403739
224752999
343527407
1767280961
1328998133
1536919229
1813111711
1712064413
994645961
1801816903
914394409
1094659691
2070664567
992631209
1725081019
1796777051
2098763153
688478177
32925407
2080773559
1651969537
1805113801
22584557
172057201
309452383
2029394677
1970937559
561082693
1858236521
1470280969
775407881
1223039003
1496801651
1659726149
1151148721
1237935331
40440419
1271470927
1557589109
412332379
1342507597
152613599
1370417491
374768321
146662991
1184818091
962433247
1194601081
1519625269
847586423
1213115693
637166711
655148531
527720363
1465827679
797262437
2114319661
548726333
2108904209
1907047991
1371909403
1322693081
847755743
1356306503
863950921
553500659
46077103
1415155733
188891113
818045783
508978081
2050698673
1975581661
957245411
1620107207
1332328931
1584278951
22833149
924305377
2049692551
1419520261
869343031
202686931
567964699
1474951109
1336553111
1831471619
1760890771
1943100967
1207360849
1979539337
1763787871
658937987
1174789793
1460244899
181345403
1059548593
1053386599
896918969
1604987749
667558169
713368951
1065201847
1485757337
660007603
549297487
1536196843
182591179
1357747817
1175132207
536665771
236923957
1297668629
1972662089
1558100189
1848914233
721470353
1841583011
1680771167
1050990107
1431557761
799997533
1206431321
1761983731
570458093
346979813
2071893541
564659033
441904381
550181773
1607624509
1172165503
2123996183
1459531547
480334787
1024266161
199893007
197070779
1128598411
867568469
2131135231
1467751247
166416781
907317121
419605037
1868820623
787458263
837210937
1723523471
1418719031
1116136447
52879969
1026014201
524036759
505862459
855293053
2049008329
852514309
907645769
128785417
14372261
206819099
1943833501
46408031
206037281
536499163
454745299
151273379
243135481
2016141703
200511383
515218829
1905279793
1287610231
1288303411
319208587
821885437
220647377
1416625783
1244832451
230535859
82125139
2097741119
907536587
264365527
380235179
589048723
1995337261
1473757121
449909849
110377199
820140103
766747301
1257898183
454741927
928468067
525608777
1943164781
211842217
2027291269
464516033
822224759
171823903
86550517
676358251
1111158157
1671988309
2133716161
1091123441
814303543
97455179
1929640751
1886021513
1710751969
1338309677
12770837
1306026613
955916399
281231693
1018811117
1691731403
1965807313
1360921207
1066118021
1879116157
1317031913
1509219893
106857749
472369789
1435874663
98315467
1923812249
1106320597
2096634823
670383361
441230899
1055244643
823237861
1089978707
902674543
255863351
237320537
775932341
1135544537
1265989183
302704277
1085424623
792256733
640243193
1306333631
127417897
477665417
1878887083
236689727
448243057
59909287
1420755547
1221711013
1977212521
636823541
2011200371
1473539807
708857711
505589813
2081083523
6516971
269556697
1417976869
1353709073
1679391407
781314613
978173641
658436921
467464009
1452748981
354859033
5958301
5408393
1120295513
277952383
610529827
1930680149
1931290901
1595653559
200903497
1510756981
1406988577
69420641
29431949
1538341841
1556956381
1642112341
16580087
1367225611
1260212477
1393393787
1422134783
1594746253
805827151
446300873
1329631483
867451019
1453956073
1531642487
1636463267
693507977
1977478627
1879019657
199934843
945433513
703865303
485916091
1392334549
171562331
2106299119
554605537
580561913
164103349
223068707
369086351
4399723
97090027
1973353709
1160378477
717335249
950217617
766138517
61023553
707610671
404513647
1172930923
